t,V,s,V_norm,ICa_true,ICa_nn
0.0,-65.0,0.011607316445304631,-0.65,-0.04985002417273256,-0.04821647633548154
0.19569471624266144,-62.33272013704973,0.011681073526386492,-0.6233272013704974,-0.049757679904945944,-0.03523582036642736
0.3913894324853229,-59.81441873428577,0.011920490082055398,-0.5981441873428577,-0.0511025686822042,-0.02607769677922067
0.5870841487279843,-57.18845978673609,0.012370651271079855,-0.5718845978673609,-0.054231367694155416,-0.01991865991671138
0.7827788649706457,-54.05847800009496,0.013130472974945016,-0.5405847800009496,-0.06001860785445147,-0.016302929367808083
0.9784735812133072,-49.582876774023305,0.014467143815755153,-0.49582876774023305,-0.07098679874053496,-0.015585038555254727
1.1741682974559686,-41.28973780633215,0.017417024865595866,-0.4128973780633215,-0.09785537268800348,-0.023632395747072987
1.36986301369863,-18.929572945005667,0.029301677075465302,-0.18929572945005668,-0.23856660599494148,-0.12186190756004067
1.5655577299412915,33.20781785219251,0.06360915467734456,0.3320781785219251,-0.7023439593943317,-0.6934581957451993
1.761252446183953,39.93350871980015,0.0995203862366641,0.39933508719800154,-1.586006264411808,-1.9062827640718747
1.9569471624266144,33.56155157988103,0.13404353924484405,0.3356155157988103,-3.106195104496701,-3.842624532697238
2.152641878669276,24.80404976104681,0.16718580716544704,0.2480404976104681,-5.3216619294794665,-6.047752246707627
2.3483365949119372,15.111040240779872,0.19888115340559123,0.15111040240779872,-8.297495660116569,-7.834783044000276
2.544031311154599,5.383572838724653,0.22884167905276,0.05383572838724653,-12.004583957283337,-10.010847158798168
2.73972602739726,-3.9116542450039695,0.25626546808837986,-0.0391165424500397,-16.275049870268937,-15.577072544756017
2.935420743639922,-12.605079706605201,0.2794759533699714,-0.12605079706605202,-20.714719136739056,-21.224625497293932
3.131115459882583,-20.70441813839635,0.2960763189308089,-0.2070441813839635,-24.668632516646376,-24.575277164034098
3.3268101761252447,-28.350430011409482,0.30434403564863066,-0.28350430011409483,-27.482003806618103,-27.189185291899886
3.522504892367906,-35.86079844770383,0.30472195472916097,-0.3586079844770383,-28.945055293474596,-28.54617482908151
3.7181996086105675,-43.793648619787255,0.2993576526781718,-0.43793648619787257,-29.356737023555176,-28.74116239161315
3.9138943248532287,-52.685315164021844,0.29066854932529246,-0.5268531516402184,-29.179744811915217,-28.367503162821006
4.109589041095891,-61.52748551394168,0.28058703288374026,-0.6152748551394168,-28.582984955785978,-27.702291961068063
4.305283757338552,-67.04741529964386,0.2702860508207976,-0.6704741529964386,-27.329329233033047,-26.53931375217932
4.500978473581213,-68.95833988068001,0.26022523458694435,-0.6895833988068002,-25.591449075593115,-25.084955537238578
4.6966731898238745,-69.47031140357569,0.2505155362747623,-0.6947031140357569,-23.78156845791446,-23.764677397781043
4.892367906066537,-69.63116734862287,0.2411695626473381,-0.6963116734862287,-22.058943371602794,-22.63080204517106
5.088062622309198,-69.69303306540081,0.23217927366500263,-0.6969303306540081,-20.45164628029502,-21.55409359591376
5.283757338551859,-69.70876254625355,0.22353297730511174,-0.6970876254625356,-18.958352419287657,-20.39850497447806
5.47945205479452,-69.69097029741609,0.21521859979052582,-0.6969097029741609,-17.572609442571235,-19.079182434459103
5.675146771037182,-69.64388325328777,0.20722431406458106,-0.6964388325328776,-16.287343537934877,-17.58237884062755
5.870841487279844,-69.56971595454918,0.1995386680413726,-0.6956971595454918,-15.095694312852356,-15.96517136031796
6.066536203522505,-69.4700812713587,0.19215061029015534,-0.694700812713587,-13.99117450617608,-14.333933504936972
6.262230919765166,-69.34635425398437,0.18504949144135868,-0.6934635425398438,-12.96769343400735,-12.805451573726177
6.457925636007828,-69.19978530839562,0.17822505864523724,-0.6919978530839562,-12.019548867608885,-11.465846913118192
6.653620352250489,-69.03154287467348,0.17166744758827074,-0.6903154287467348,-11.141410467136275,-10.348783500072521
6.8493150684931505,-68.84273281967376,0.16536717351786429,-0.6884273281967376,-10.328300833574561,-9.441396981756423
7.045009784735812,-68.63440871825345,0.1593151218614458,-0.6863440871825346,-9.575576074421397,-8.705503125132172
7.240704500978474,-68.40757640434022,0.1535025386722946,-0.6840757640434022,-8.878906516022756,-8.097289535301025
7.436399217221135,-68.16319657054729,0.14792102116298161,-0.6816319657054728,-8.234258003779978,-7.578390588170317
7.632093933463796,-67.90218422966662,0.14256250840178908,-0.6790218422966662,-7.637873840588312,-7.119576814223547
7.8277886497064575,-67.62540676588785,0.13741927233846454,-0.6762540676588784,-7.086257530644859,-6.700496271787638
8.023483365949119,-67.3336795724589,0.1324839092442771,-0.673336795724589,-6.57615632054136,-6.307989797810912
8.219178082191782,-67.02776021081714,0.1277493317516339,-0.6702776021081713,-6.104545606629598,-5.934221125468589
8.414872798434443,-66.70834052910102,0.1232087616070132,-0.6670834052910102,-5.668614188094598,-5.575067033184552
8.610567514677104,-66.37603659868755,0.11885572330762108,-0.6637603659868755,-5.265750361852006,-5.22885538352619
8.806262230919765,-66.03137650138822,0.11468403885838287,-0.6603137650138823,-4.893528856419088,-4.895417807490606
9.001956947162427,-65.67478587896207,0.11068782394858492,-0.6567478587896207,-4.549698592741269,-4.575399713172518
9.197651663405088,-65.30657036849273,0.10686148584754207,-0.6530657036849273,-4.2321712336177315,-4.2697757211312855
9.393346379647749,-64.92689439150318,0.10319972347730116,-0.6492689439150319,-3.939010506336043,-3.9795280304728147
9.58904109589041,-64.53575531760112,0.09969753025170779,-0.6453575531760112,-3.668422278562698,-3.705451981039089
9.784735812133073,-64.13295152198504,0.09635020046765803,-0.6413295152198504,-3.418745369880886,-3.4480575307706762
9.980430528375734,-63.71804226348409,0.09315334032432858,-0.6371804226348409,-3.1884430896092018,-3.2075391327173794
10.176125244618396,-63.29029617573893,0.09010288505833593,-0.6329029617573894,-2.976095498238631,-2.983790581908861
10.371819960861057,-62.848623723229196,0.08719512429815017,-0.6284862372322919,-2.7803924061547276,-2.7764459902339915
10.567514677103718,-62.39148675609923,0.08442673870355889,-0.6239148675609923,-2.600127148458559,-2.5849327796838177
10.76320939334638,-61.91677468373432,0.08179485242720089,-0.6191677468373432,-2.4341912086662663,-2.4085269766878596
10.95890410958904,-61.42163101584412,0.07929710828961371,-0.6142163101584412,-2.281569818799718,-2.246404790592126
11.154598825831702,-60.90220452672828,0.07693177642179663,-0.6090220452672829,-2.141338752205983,-2.097687308896643
11.350293542074365,-60.35328318164987,0.07469791366871284,-0.6035328318164987,-2.012662673991065,-1.9614771584352044
11.545988258317026,-59.767740274145986,0.07259560252820191,-0.5976774027414599,-1.8947956683631602,-1.8368872884000267
11.741682974559687,-59.13566977867148,0.07062631939721431,-0.5913566977867147,-1.787085025594737,-1.723062819550451
11.937377690802348,-58.44298754186209,0.06879352219116687,-0.5844298754186209,-1.688980255812793,-1.6191973832501392
12.13307240704501,-57.66907255181374,0.06710362921023537,-0.5766907255181374,-1.6000510864712605,-1.5245458060074635
12.32876712328767,-56.78258997404974,0.06556773884836747,-0.5678258997404975,-1.5200220984771389,-1.4384358715213224
12.524461839530332,-55.7336472780096,0.0642048587059888,-0.557336472780096,-1.4488409338613297,-1.3602845827262613
12.720156555772995,-54.43797406400698,0.06304850528187264,-0.5443797406400698,-1.3868216720438094,-1.2896338075998808
12.915851272015656,-52.74206569952918,0.062161781143176664,-0.5274206569952917,-1.3349807529000925,-1.2262580329972812
13.111545988258317,-50.337501750977914,0.06167739371985756,-0.5033750175097791,-1.2959620860919139,-1.1705752351677765
13.307240704500979,-46.51887798446521,0.06192954534972944,-0.4651887798446521,-1.2772892438272763,-1.1256519604589523
13.50293542074364,-39.380869406264125,0.06405155696122235,-0.39380869406264124,-1.307752530968861,-1.1106460211633056
13.698630136986301,-22.962087072111306,0.07373723975565474,-0.22962087072111306,-1.5546213517934528,-1.2834433850703142
13.894324853228962,11.784439184363663,0.10307261793455041,0.11784439184363663,-2.299356567597558,-2.2497364383098555
14.090019569471623,27.91072737611027,0.1372872342102506,0.27910727376110267,-3.471357562971704,-4.11484514811138
14.285714285714286,22.264594329725767,0.17026145378584556,0.22264594329725768,-5.666496048191705,-6.26638844743462
14.481409001956948,12.734680262146227,0.2017585398679353,0.12734680262146228,-8.7327932799436,-8.018230115794596
14.677103718199609,2.644821557904329,0.2313545775150205,0.02644821557904329,-12.56285789568045,-10.483073095732205
14.87279843444227,-6.990725268736159,0.25790922440194675,-0.06990725268736159,-16.894126822314036,-16.45973915527137
15.068493150684931,-15.876295702016742,0.279227223754046,-0.15876295702016743,-21.187963241586797,-21.602014216875265
15.264187866927593,-24.03302475636676,0.2927826728050003,-0.2403302475636676,-24.693509602599907,-24.486938019093092
15.459882583170254,-31.670241674866634,0.29770821973395056,-0.31670241674866634,-26.88512288340781,-26.403259407000895
15.655577299412915,-39.19939384586945,0.2955428045537604,-0.3919939384586945,-27.810717014872097,-27.165884526072546
15.851272015655578,-47.19573716369383,0.2888017803001818,-0.4719573716369383,-27.890411904800494,-27.090310535471083
16.046966731898237,-55.81163272210453,0.2796964032647402,-0.5581163272210453,-27.507515482045193,-26.647027865968504
16.2426614481409,-63.27403644651763,0.2697699623579003,-0.6327403644651762,-26.67584118926433,-25.915089672567756
16.438356164383563,-67.22512732586965,0.2598374206517731,-0.6722512732586965,-25.28119061520413,-24.81406877950422
16.634050880626223,-68.56039917785031,0.2501836743632988,-0.6856039917785032,-23.60469633114338,-23.626251489647363
16.829745596868886,-68.97259336712068,0.24087402770873065,-0.6897259336712068,-21.928492068937587,-22.530195954178925
17.025440313111545,-69.12785819872283,0.23191349722654506,-0.6912785819872284,-20.344056351557228,-21.45956734298985
17.22113502935421,-69.1955782101476,0.2232936108967886,-0.691955782101476,-18.866596933707967,-20.297255279926244
17.416829745596868,-69.21653283204628,0.21500325965741607,-0.6921653283204628,-17.49359889606773,-18.96756972771164
17.61252446183953,-69.20215027327701,0.2070310343635922,-0.6920215027327701,-16.219108062744755,-17.46346744007411
17.80821917808219,-69.15683313218933,0.1993657416776169,-0.6915683313218933,-15.036719403446341,-15.846415436215509
18.003913894324853,-69.08306617208628,0.1919965264738361,-0.6908306617208627,-13.940211896435578,-14.224030124734195
18.199608610567516,-68.98269626021298,0.18491290183690479,-0.6898269626021297,-12.923687992472296,-12.711116418353498
18.395303326810176,-68.85729881185162,0.17810475428677985,-0.6885729881185162,-11.981599387433493,-11.389887473895406
18.59099804305284,-68.70829976844608,0.1715623410656122,-0.6870829976844608,-11.108743140201259,-10.290285984870252
18.786692759295498,-68.53702343226597,0.16527628437970399,-0.6853702343226596,-10.300248999918495,-9.397316113820878
18.98238747553816,-68.34471448829451,0.15923756428960528,-0.6834471448829451,-9.551563883297717,-8.672289087700964
19.17808219178082,-68.13254875290336,0.153437510923086,-0.6813254875290337,-8.858435438182275,-8.071835793640489
19.373776908023483,-67.90163831262159,0.1478677963844205,-0.6790163831262158,-8.216895504045041,-7.5583435542307305
19.569471624266146,-67.6530339595124,0.14252042664472317,-0.676530339595124,-7.623243877734207,-7.1032991091213145
19.765166340508806,-67.38772431555977,0.13738773351488695,-0.6738772431555976,-7.074032500624058,-6.686910879432353
19.96086105675147,-67.1066331878065,0.13246236693775226,-0.671066331878065,-6.566050248131339,-6.296416968710278
20.15655577299413,-66.81061494006505,0.12773728773023596,-0.6681061494006505,-6.096308367226253,-5.924245832045102
20.35225048923679,-66.50044759363095,0.12320576092573397,-0.6650044759363095,-5.6620265915706876,-5.566441913306827
20.54794520547945,-66.1768240400259,0.1188613499526626,-0.6617682404002591,-5.260619978004993,-5.221433483365435
20.743639921722114,-65.8403411077147,0.11469791186829173,-0.6584034110771471,-4.889686466589043,-4.889107792500281
20.939334637964777,-65.49148605326276,0.11070959391293568,-0.6549148605326276,-4.546995158079514,-4.570137296375442
21.135029354207436,-65.13062011251034,0.10689083173966313,-0.6513062011251034,-4.230475306052376,-4.265506546925868
21.3307240704501,-64.75795845300229,0.10323634976708396,-0.6475795845300228,-3.9382060142471995,-3.976198445281933
21.52641878669276,-64.3735455671945,0.09974116423997229,-0.643735455671945,-3.6684066291874613,-3.7030050181111225
21.72211350293542,-63.97722477558436,0.09640058978962207,-0.6397722477558436,-3.4194278222590175,-3.4464321264914353
21.91780821917808,-63.56859961280055,0.09321025053539997,-0.6356859961280055,-3.189743352950369,-3.2066711319202756
22.113502935420744,-63.14698410750056,0.09016609719486049,-0.6314698410750056,-2.9779425200720544,-2.9836145435955674
22.309197651663403,-62.71133750453156,0.08726443228003626,-0.6271133750453156,-2.7827233210126727,-2.7768971661981796
22.504892367906066,-62.26017677511217,0.08450194637842881,-0.6226017677511217,-2.6028863603973935,-2.585948909526975
22.70058708414873,-61.79145684440058,0.0818757699517666,-0.6179145684440058,-2.4373295835004183,-2.410049736732958
22.89628180039139,-61.30240297901502,0.07938354736808,-0.6130240297901502,-2.2850439630620434,-2.2483808622621977
23.091976516634052,-60.78927069785587,0.07702354361741094,-0.6078927069785587,-2.1451103538526195,-2.1000691080310703
23.28767123287671,-60.24699327371813,0.0747948004647248,-0.6024699327371813,-2.0166978738189303,-1.9642233083130134
23.483365949119374,-59.66864999981743,0.07269736980420546,-0.5966864999981744,-1.8990644192689428,-1.8399629454690358
23.679060665362034,-59.04463905983147,0.07073267202342101,-0.5904463905983147,-1.7915603675159435,-1.7264399778309085
23.874755381604697,-58.361345147907414,0.06890406544520486,-0.5836134514790742,-1.6936373710917425,-1.6228553073927292
24.07045009784736,-57.598904397876915,0.06721779007859942,-0.5759890439787692,-1.6048658584759774,-1.5284717877475984
24.26614481409002,-56.727271457073655,0.065684615158486,-0.5672727145707366,-1.524968551148584,-1.4426265754400496
24.461839530332682,-55.69889176290168,0.06432290788005553,-0.5569889176290168,-1.4538860078993485,-1.364748295682036
24.65753424657534,-54.43406782115423,0.06316483945078769,-0.5443406782115423,-1.3919130210412929,-1.2943935339855792
24.853228962818005,-52.78912152588257,0.0622703622745187,-0.5278912152588258,-1.3400135102522626,-1.231352026729872
25.048923679060664,-50.47941571135787,0.061763566773794555,-0.5047941571135788,-1.3006686722481458,-1.1760278756258307
25.244618395303327,-46.866577206085395,0.061948909858514936,-0.46866577206085397,-1.2807568578859478,-1.1312014999511077
25.44031311154599,-40.271767004798875,0.06381336549724034,-0.40271767004798875,-1.305299946781379,-1.1131208187177617
25.63600782778865,-25.555131132192376,0.07208881904757572,-0.25555131132192377,-1.5128411797136379,-1.2485420871743353
25.831702544031312,7.00100422349304,0.09945935759028073,0.0700100422349304,-2.2356091536867266,-2.1125082426525967
26.027397260273972,27.116922435283872,0.13371108917278812,0.27116922435283874,-3.3212490665554313,-3.8944070043338073
26.223091976516635,22.601723616905822,0.16682262616524293,0.22601723616905822,-5.421146883621969,-6.062198434934038
26.418786692759294,13.220872608254842,0.19846868962227063,0.1322087260825484,-8.412021377821503,-7.853264788505691
26.614481409001957,3.093273080260104,0.22824262829222444,0.03093273080260104,-12.180441118741964,-10.115296717023032
26.810176125244617,-6.620659513650862,0.2550357522348252,-0.06620659513650862,-16.471634604432705,-15.8021474550726
27.00587084148728,-15.57785390006928,0.27667209920218927,-0.1557785390006928,-20.75627811437236,-21.19168176807165
27.201565557729943,-23.784975267820858,0.2905880906750467,-0.23784975267820857,-24.282820275973023,-24.123619258582053
27.397260273972602,-31.44544084162101,0.29583818995068123,-0.3144544084162101,-26.509081033203042,-26.01884015327474
27.592954990215265,-38.96393276270258,0.29392075486527697,-0.38963932762702586,-27.46560076999156,-26.80475138535696
27.788649706457925,-46.911213613150224,0.28735698129927406,-0.46911213613150227,-27.56506468990057,-26.761933167031117
27.984344422700588,-55.47385257081312,0.2783726934215016,-0.5547385257081312,-27.19541371189184,-26.349557205815497
28.180039138943247,-62.98907180053791,0.2685262966393222,-0.6298907180053791,-26.389356161548392,-25.662975660259793
28.37573385518591,-67.07158851241692,0.2586519416346517,-0.6707158851241692,-25.030487926210448,-24.61968720557127
28.571428571428573,-68.482241570247,0.24904761975166564,-0.6848224157024699,-23.381115349640602,-23.473751161014007
28.767123287671232,-68.92105235400729,0.2397836052831678,-0.6892105235400728,-21.724476667347826,-22.3953503891132
28.962818003913895,-69.08619763397341,0.23086637434874352,-0.6908619763397341,-20.15631744440565,-21.3217303483492
29.158512720156555,-69.15896930740416,0.22228789106075036,-0.6915896930740416,-18.693410614736756,-20.142789689017373
29.354207436399218,-69.18339667202346,0.21403721973505924,-0.6918339667202347,-17.333713592790666,-18.791612607984117
29.549902152641877,-69.17178792751496,0.20610305528507103,-0.6917178792751496,-16.071456008827642,-17.270254995205857
29.74559686888454,-69.12881470084736,0.19847428660797087,-0.6912881470084735,-14.900340592363762,-15.647353402547218
29.941291585127203,-69.05706400061337,0.1911401313937828,-0.6905706400061337,-13.814229450597635,-14.03348076630143
30.136986301369863,-68.9584350222079,0.18409016989877663,-0.689584350222079,-12.80729686005645,-12.541185728290625
30.332681017612526,-68.83453707525145,0.17731435153464598,-0.6883453707525145,-11.87405892612228,-11.2467349894022
30.528375733855185,-68.68682245870933,0.17080299286302356,-0.6868682245870933,-11.009371304521611,-10.17382171297874
30.724070450097848,-68.51663795045178,0.1645467722665954,-0.6851663795045178,-10.208417345607067,-9.303477689496198
30.919765166340508,-68.3252480177202,0.15853672313907635,-0.683252480177202,-9.466693108943097,-8.595693301318217
31.11545988258317,-68.1138459774552,0.15276422633116785,-0.681138459774552,-8.779991352703503,-8.00748196937782
31.31115459882583,-67.88356041777459,0.1472210023148679,-0.6788356041777459,-8.144385416007243,-7.502293259855754
31.506849315068493,-67.63545657703816,0.14189910319390275,-0.6763545657703816,-7.556213240376192,-7.0527436919656425
31.702544031311156,-67.37053652720974,0.13679090488526074,-0.6737053652720973,-7.012061895544558,-6.639990631133472
31.898238747553815,-67.08973615785851,0.13188909952681052,-0.6708973615785851,-6.508752603968634,-6.251987702614691
32.093933463796475,-66.79392062284654,0.1271866883561576,-0.6679392062284655,-6.043326414928339,-5.881669588995393
32.28962818003914,-66.4838776695184,0.12267697519782499,-0.6648387766951841,-5.613030540348261,-5.52542077743936
32.4853228962818,-66.16030876885145,0.11835356075153208,-0.6616030876885145,-5.21530537854412,-5.181884298584354
32.681017612524464,-65.82381802365695,0.11421033792597865,-0.6582381802365695,-4.847772243716747,-4.851070487142548
32.87671232876713,-65.47489874442547,0.11024148852175386,-0.6547489874442547,-4.508221808198334,-4.53370983411824
33.07240704500978,-65.1139169834851,0.1064414815873903,-0.651139169834851,-4.194603241705315,-4.230800839456299
33.268101761252446,-64.741091439341,0.10280507390688522,-0.64741091439341,-3.905014043085004,-3.9433126346458973
33.46379647749511,-64.35646876872067,0.09932731321062856,-0.6435646876872068,-3.63769055631976,-3.6720082244702708
33.65949119373777,-63.9598928734261,0.09600354489655571,-0.6395989287342609,-3.3909991636819816,-3.417358255202732
33.85518590998043,-63.55096606467851,0.09282942333078752,-0.6355096606467852,-3.1634281537104947,-3.1795188258385316
34.05088062622309,-63.12899905427426,0.08980092920819024,-0.6312899905427426,-2.95358027063921,-2.9583508946098744
34.24657534246575,-62.69294525485686,0.08691439506879989,-0.6269294525485686,-2.760165965771225,-2.753463354503812
34.44227005870842,-62.24131263796899,0.08416654199904208,-0.6224131263796899,-2.5819973930486237,-2.5642664692823702
34.63796477495108,-61.772042984718304,0.08155453200214217,-0.617720429847183,-2.4179832263764127,-2.3900266081181476
34.833659491193735,-61.28234277585815,0.07907604283636177,-0.6128234277585815,-2.2671244296977817,-2.229916754478352
35.0293542074364,-60.76844089313102,0.07672937588981045,-0.6076844089313103,-2.1285111982073803,-2.083059964613134
35.22504892367906,-60.22523263925816,0.07451361410337912,-0.6022523263925816,-2.0013214359940537,-1.9485648423590225
35.420743639921724,-59.64574230408635,0.07242885806913242,-0.5964574230408635,-1.8848213843644468,-1.8255533154608086
35.61643835616438,-59.020286494252055,0.07047658885156058,-0.5902028649425205,-1.7783694722504384,-1.7131817336733668
35.81213307240704,-58.335125199088644,0.06866024502983357,-0.5833512519908864,-1.68142532616049,-1.6106567660305997
36.007827788649706,-57.57019663493434,0.0669861800979615,-0.5757019663493435,-1.593567620486978,-1.5172480177065617
36.20352250489237,-56.69512629192629,0.06546533626624654,-0.5669512629192629,-1.5145282286154784,-1.432300213312151
36.39921722113503,-55.66178022653595,0.06411636775960185,-0.5566178022653595,-1.4442590512081679,-1.355250562358887
36.59491193737769,-54.3893740455581,0.06297196851097109,-0.543893740455581,-1.3830712499875761,-1.2856662795457867
36.79060665362035,-52.732001447884784,0.06209316584220275,-0.5273200144788478,-1.331957620868192,-1.2233534024240087
36.986301369863014,-50.39987686607516,0.06160667404142413,-0.5039987686607517,-1.2934653485402583,-1.1687529579525462
37.18199608610568,-46.741092951649975,0.061824922616827115,-0.46741092951649976,-1.2746759811713961,-1.1247790241623763
37.37769080234834,-40.03498627553417,0.06376896434251277,-0.40034986275534173,-1.3015584022977111,-1.1084637523481182
37.573385518590996,-25.0109425063918,0.07236316569966686,-0.250109425063918,-1.5186786468107092,-1.252971880932113
37.76908023483366,7.835670902188348,0.10015544032156273,0.07835670902188348,-2.2502659458696637,-2.1392897852849813
37.96477495107632,27.115441673803378,0.13439980930169534,0.27115441673803375,-3.3556049085109434,-3.9386460448911684
38.160469667318985,22.36347540409445,0.16748235331373446,0.22363475404094452,-5.477475163248065,-6.104679245152608
38.35616438356164,12.935530067448282,0.19909297180487512,0.1293553006744828,-8.487645364174448,-7.888403564729602
38.551859099804304,2.8060161403272055,0.22881159303493678,0.028060161403272055,-12.27132230613757,-10.194915626780872
38.74755381604697,-6.89288661525927,0.2555010129240397,-0.0689288661525927,-16.567330083770084,-15.946529279298005
38.94324853228963,-15.830592081930147,0.2769544987936513,-0.15830592081930148,-20.837443617120172,-21.26593879713782
39.13894324853229,-24.020185568119103,0.29062336170202174,-0.24020185568119104,-24.328448074112192,-24.15766268162633
39.33463796477495,-31.67063107994038,0.2956366108647449,-0.3167063107994038,-26.512331378103895,-26.015230327668764
39.53033268101761,-39.193096343123536,0.29355146919113834,-0.39193096343123535,-27.43612306620342,-26.76827709285038
39.726027397260275,-47.15919325288454,0.2868947876916331,-0.4715919325288454,-27.51728476800874,-26.710717725331808
39.92172211350294,-55.7239037983712,0.27787467506387215,-0.557239037983712,-27.136808765499392,-26.294470928324024
40.11741682974559,-63.15960619128171,0.26802736268490274,-0.6315960619128171,-26.31588396820416,-25.60171887971042
40.31311154598826,-67.1370717126953,0.25816658445073776,-0.6713707171269531,-24.945366167562774,-24.55651084820909
40.50880626223092,-68.50050188975372,0.24857954647387076,-0.6850050188975372,-23.295567204116995,-23.41680083976312
40.70450097847358,-68.92609515682912,0.23933316538190105,-0.6892609515682913,-21.643511018906285,-22.342236342668286
40.900195694716245,-69.08748635125383,0.23043313453811728,-0.6908748635125384,-20.080875299057475,-21.266119391944457
41.0958904109589,-69.15870483637093,0.22187126687424424,-0.6915870483637093,-18.62337780756217,-20.07981230574538
41.291585127201564,-69.18211777907504,0.21363661151022578,-0.6918211777907505,-17.268771401984647,-18.71965210030266
41.48727984344423,-69.16965516800161,0.20571787681110157,-0.6916965516800161,-16.011260910166488,-17.191283564082617
41.68297455968689,-69.12589450572627,0.19810397122761506,-0.6912589450572626,-14.84456083724198,-15.56616421240605
41.87866927592955,-69.05339592979011,0.19078413312431725,-0.6905339592979012,-13.762552373481451,-13.955953704152947
42.07436399217221,-68.95404940837068,0.18374796333025148,-0.6895404940837068,-12.759429814079928,-12.472169866609505
42.27005870841487,-68.8294604942088,0.1769854314003383,-0.688294604942088,-11.829728721385504,-11.188609890988005
42.465753424657535,-68.68107963985199,0.170486873506987,-0.6868107963985198,-10.968323252186352,-10.126453358587767
42.6614481409002,-68.51025250319215,0.16424298707959661,-0.6851025250319215,-10.170414207526873,-9.265176605811742
42.857142857142854,-68.31824279578012,0.15824482399390838,-0.6831824279578013,-9.43151405041688,-8.564277911999236
43.05283757338552,-68.10624320769168,0.15248378302480106,-0.6810624320769167,-8.74743092242666,-7.9809450379794455
43.24853228962818,-67.87538164029358,0.14695160202051893,-0.6787538164029359,-8.11425256402244,-7.47906130919524
43.44422700587084,-67.62672264353515,0.14164034993965924,-0.6762672264353514,-7.528330390629058,-7.031698095408207
43.639921722113506,-67.3612674314786,0.13654241904922124,-0.673612674314786,-6.986264061473602,-6.6203933746225205
43.83561643835616,-67.07995082128843,0.13165051736145955,-0.6707995082128844,-6.48488655453443,-6.233387657510911
44.031311154598825,-66.78363663775521,0.12695766154508523,-0.6678363663775521,-6.021249889962836,-5.863818693963016
44.22700587084149,-66.4731109551406,0.12245717044735921,-0.664731109551406,-5.59261151230108,-5.508207320441164
44.42270058708415,-66.14907312234112,0.11814265942166233,-0.6614907312234112,-5.196421359037178,-5.165282411998623
44.61839530332681,-65.81212464219436,0.11400803571834493,-0.6581212464219436,-4.830309636754529,-4.83510304799931
44.81409001956947,-65.46275563809577,0.11004749522805579,-0.6546275563809577,-4.492075305359407,-4.518422068955909
45.00978473581213,-65.10132826226506,0.10625552091175834,-0.6510132826226506,-4.17967525789777,-4.216242430195387
45.205479452054796,-64.72805645424144,0.10262688338094476,-0.6472805645424144,-3.89121419161056,-3.9295265075780854
45.40117416829746,-64.34298106540464,0.09915664422517159,-0.6434298106540465,-3.6249351617640704,-3.6590244485055017
45.596868884540115,-63.94593889611828,0.09584016288232662,-0.6394593889611828,-3.3792108113462387,-3.4051916597993768
45.79256360078278,-63.536523519071004,0.09267310813293514,-0.6353652351907101,-3.152535274604652,-3.168169138185209
45.98825831702544,-63.11403481450866,0.08965147571731694,-0.6311403481450867,-2.943516761868893,-2.9478044110060995
46.183953033268104,-62.677412593179405,0.08677161419822449,-0.626774125931794,-2.750870846055637,-2.7436953884459028
46.37964774951077,-62.22514749678765,0.08403026213801688,-0.6222514749678765,-2.5734144948185547,-2.5552440402196597
46.57534246575342,-61.755158845837734,0.08142460114174359,-0.6175515884583773,-2.410060927383567,-2.381711025868323
46.771037181996086,-61.26462342523553,0.07895233166991057,-0.6126462342523553,-2.259815429476672,-2.2222659055947522
46.96673189823875,-60.74972993551155,0.0766117823694409,-0.6074972993551155,-2.1217723487986415,-2.0760302167202602
47.16242661448141,-60.20531798675813,0.07440207020296784,-0.6020531798675813,-1.9951136426144223,-1.9421125564952098
47.35812133072407,-59.624332418613584,0.07232334009105501,-0.5962433241861358,-1.879109604962179,-1.8196360006252283
47.55381604696673,-58.9969728699992,0.07037713355296127,-0.589969728699992,-1.7731228655208766,-1.7077589034331782
47.74951076320939,-58.3093208128614,0.06856697579895392,-0.583093208128614,-1.6766176410000262,-1.6056905731060407
47.945205479452056,-57.541030438270255,0.06689935142750883,-0.5754103043827026,-1.5891780089630985,-1.512703763166972
48.14090019569472,-56.66125238086657,0.06538541389531563,-0.5666125238086657,-1.5105428688829627,-1.4281468811682818
48.336594911937375,-55.62101231948545,0.064044182982084,-0.5562101231948545,-1.4406744403638596,-1.351461698423073
48.53228962818004,-54.33792644070816,0.06290904536357941,-0.5433792644070816,-1.379901420229208,-1.2822221395197073
48.7279843444227,-52.66275667538577,0.06204250534670554,-0.5266275667538577,-1.3292519916247583,-1.2202478064823385
48.923679060665364,-50.297965084490805,0.061574960859628165,-0.502979650844908,-1.2913612284710947,-1.1660204549892397
49.11937377690802,-46.57081139817259,0.061830428566248694,-0.46570811398172585,-1.2736010558154738,-1.1226348218401054
49.31506849315068,-39.69472435334221,0.06388135299981683,-0.3969472435334221,-1.303373169185852,-1.1083122645229981
49.510763209393346,-24.186646895257734,0.07295032299915881,-0.24186646895257735,-1.5346504682862452,-1.2664701605840794
49.70645792563601,9.128139465267116,0.1013493195609008,0.09128139465267117,-2.2776815594138022,-2.1872353779542024
49.90215264187867,27.16173157100413,0.1355755091028414,0.2716173157100413,-3.4128681873271214,-4.013767118575895
50.09784735812133,22.06554456983155,0.16860987403995245,0.22065544569831552,-5.568413995140638,-6.17500858945261
50.29354207436399,12.575734220311974,0.2001640096144363,0.12575734220311974,-8.608041931548003,-7.946317601530774
50.489236790606654,2.4487575148014478,0.2298009257795793,0.024487575148014477,-12.415401463973026,-10.327535616625632
50.68493150684932,-7.22608747940307,0.2563485180346489,-0.0722608747940307,-16.72121340511561,-16.18062076784627
50.88062622309198,-16.13575445001869,0.27756505308338186,-0.1613575445001869,-20.976439250610188,-21.394216751934447
51.076320939334636,-24.301551946419906,0.2909244488028533,-0.24301551946419905,-24.426510979671665,-24.237323375309636
51.2720156555773,-31.939104759789952,0.29564623603152607,-0.31939104759789955,-26.56099054779618,-26.056900512697734
51.46771037181996,-39.46728028902877,0.2933542315570371,-0.3946728028902877,-27.44645744896114,-26.772632113009358
51.663405088062625,-47.458332130122706,0.28657931458861413,-0.47458332130122705,-27.505936516347063,-26.69581421503143
51.85909980430528,-56.02725743512207,0.27750826783128346,-0.5602725743512207,-27.112013463461135,-26.271458835433652
52.054794520547944,-63.36677152158425,0.2676513409789417,-0.6336677152158425,-26.271778959258484,-25.56629870680072
52.25048923679061,-67.2183226304166,0.25779829205255855,-0.6721832263041659,-24.88504423637161,-24.512607638856654
52.44618395303327,-68.52520010320804,0.2482236853505318,-0.6852520010320804,-23.231959642928892,-23.374832101079623
52.64187866927593,-68.93459914606548,0.23899047927005893,-0.6893459914606548,-21.582546861594484,-22.302265882039706
52.83757338551859,-69.09116042911396,0.23010342280490986,-0.6909116042911395,-20.023840649682576,-21.223851101427176
53.03326810176125,-69.1602699675604,0.221554132049081,-0.691602699675604,-18.570330333870515,-20.03174122591251
53.228962818003914,-69.18227821388665,0.2133316235186754,-0.6918227821388665,-17.219515344337225,-18.66467873514638
53.42465753424658,-69.16864362979628,0.205424608847013,-0.6916864362979628,-15.965557305848561,-17.13101021798685
53.62035225048923,-69.12382181409708,0.1978220080758269,-0.6912382181409709,-14.802171893852913,-15.504303182596654
53.816046966731896,-69.05033586737554,0.19051307321724936,-0.6905033586737553,-13.7232512470801,-13.896992783798567
54.01174168297456,-68.95006149945806,0.1834874191941946,-0.6895006149945806,-12.723002652744535,-12.419761887753495
54.20743639921722,-68.82459740581096,0.1767350296412912,-0.6882459740581096,-11.795974830449689,-11.144506603142336
54.403131115459885,-68.67538980426713,0.17024625462140772,-0.6867538980426713,-10.937054700688963,-10.090506695814913
54.59882583170254,-68.50378118322358,0.16401180519228795,-0.6850378118322358,-10.141455262088524,-9.236081500205426
54.794520547945204,-68.31103268500797,0.15802274656765938,-0.6831103268500798,-9.40470056229998,-8.540375135968105
54.99021526418787,-68.09833475770793,0.15227049055566114,-0.6809833475770793,-8.722609701403654,-7.960717121866196
55.18590998043053,-67.86681302470726,0.14674678771694316,-0.6786681302470725,-8.091280747445593,-7.461322430193394
55.38160469667319,-67.61752993143185,0.14144371942000794,-0.6761752993143184,-7.507074845452568,-7.015607000817172
55.57729941291585,-67.35148444341901,0.13635369003498546,-0.6735148444341901,-6.966600794693208,-6.605396236488181
55.77299412915851,-67.06960900370346,0.13146941939161325,-0.6706960900370347,-6.4667001529829,-6.219147033145159
55.968688845401175,-66.77276487192577,0.1267839357109962,-0.6677276487192577,-6.004432986033943,-5.850150195419772
56.16438356164384,-66.46173525602079,0.1222905691512943,-0.6646173525602079,-5.577064274933983,-5.49502920938012
56.360078277886494,-66.13721623360763,0.11798294616695247,-0.6613721623360763,-5.1820510113227565,-5.152577412628222
56.55577299412916,-65.79980562620189,0.1138549849526481,-0.6579980562620189,-4.817030004309161,-4.822890278257114
56.75146771037182,-65.4499893293436,0.10990089223834447,-0.6544998932934359,-4.479806390208687,-4.506737071694692
56.94716242661448,-65.08812459510945,0.10611516178847483,-0.6508812459510945,-4.168342838955064,-4.205123655113825
57.142857142857146,-64.7144196406123,0.10249257507064768,-0.6471441964061231,-3.8807494515431857,-3.9190068722044304
57.3385518590998,-64.32890857979304,0.09902820469671973,-0.6432890857979303,-3.615274339871626,-3.6491267828607037
57.534246575342465,-63.9314201959876,0.0957174214403164,-0.639314201959876,-3.3702948820295373,-3.3959269749987424
57.72994129158513,-63.52153843701234,0.092555905924609,-0.6352153843701234,-3.1443096519644174,-3.1595368036954214
57.92563600782779,-63.09855146317359,0.08953966649980633,-0.6309855146317359,-2.9359310304606243,-2.9397934879738465
58.12133072407045,-62.661384571050775,0.08666506545424492,-0.6266138457105077,-2.7438785184267402,-2.7362865423515164
58.31702544031311,-62.20851010356725,0.08392885667676324,-0.6220851010356725,-2.5669727982710597,-2.5484116260768155
58.51272015655577,-61.73782384614295,0.08132823938729962,-0.6173782384614295,-2.404130623644802,-2.3754250850576515
58.708414872798436,-61.24647163839168,0.07886093494732645,-0.6124647163839169,-2.25436067343406,-2.216493929007946
58.9041095890411,-60.73060045282394,0.07652529768783328,-0.6073060045282395,-2.116760596617017,-2.0707386122466813
59.099804305283755,-60.184992109241065,0.07432047733070829,-0.6018499210924106,-1.9905156264091626,-1.9372678152596179
59.29549902152642,-59.60250911573111,0.07224666225847216,-0.5960250911573111,-1.8748994035919335,-1.8152055913642622
59.49119373776908,-58.97322984534433,0.0703054542090115,-0.5897322984534433,-1.7692781250828236,-1.7037119432458936
59.68688845401174,-58.28305051695548,0.06850046579539698,-0.5828305051695548,-1.673120041551987,-1.6019983377125113
59.88258317025441,-57.511329912950025,0.06683831535330913,-0.5751132991295003,-1.5860141713491618,-1.5093401216588587
60.07827788649706,-56.62672443894092,0.06533037335568195,-0.5662672443894092,-1.5077060964562967,-1.425088797114515
60.273972602739725,-55.5793822674421,0.06399603796809766,-0.555793822674421,-1.4381682183621018,-1.3486901179245159
60.46966731898239,-54.2852437313656,0.06286941773363018,-0.542852437313656,-1.3777470508142653,-1.279724237838917
60.66536203522505,-52.591565385391625,0.0620145668591542,-0.5259156538539163,-1.3275075289504625,-1.2180242755264283
60.86105675146771,-50.19261432765415,0.06156577922712982,-0.5019261432765415,-1.2901775080005582,-1.1641147257368578
61.05675146771037,-46.393487397566936,0.06185946672726715,-0.46393487397566935,-1.2734405158287176,-1.1212857747854466
61.25244618395303,-39.337058316509626,0.06402391757973057,-0.39337058316509627,-1.3062649689664307,-1.109072246079086
61.448140900195696,-23.31529120508265,0.07360267909560428,-0.23315291205082653,-1.5527794382098299,-1.282152136822718
61.64383561643836,10.427020700227255,0.10259251733056042,0.10427020700227255,-2.3065604371207753,-2.238401928093149
61.839530332681015,27.183962015031213,0.13679511701080668,0.27183962015031216,-3.473715224000222,-4.092250913911856
62.03522504892368,21.758295216614197,0.16977931682351732,0.21758295216614199,-5.663637507228103,-6.2472779641586
62.23091976516634,12.20930982732157,0.20127454857565902,0.12209309827321571,-8.733512996680101,-8.006665281766022
62.426614481409004,2.086494411357843,0.23082601552688023,0.02086494411357843,-12.565016311966822,-10.470746344196197
62.62230919765166,-7.563237389283066,0.2572256646762678,-0.07563237389283066,-16.880454063985304,-16.42118665567336
62.81800391389432,-16.444233853680817,0.27819730823872224,-0.16444233853680817,-21.119859749461046,-21.524544616847674
63.013698630136986,-24.585999176020696,0.29124095336590017,-0.24585999176020695,-24.527942775751093,-24.320353264770365
63.20939334637965,-32.210936067151565,0.2956688677843767,-0.32210936067151563,-26.61258422604383,-26.101638414819384
63.40508806262231,-39.74568903327625,0.2931698934112391,-0.3974568903327625,-27.459832312689088,-26.7801686844125
63.60078277886497,-47.76247810069179,0.28627724048768244,-0.47762478100691785,-27.497833177286697,-26.684274919399048
63.79647749510763,-56.33341050775538,0.277155756779036,-0.5633341050775538,-27.09021242291293,-26.251446896150185
63.992172211350294,-63.571873904052076,0.26728931374255227,-0.6357187390405208,-26.230062705065496,-25.533103242876276
64.18786692759295,-67.29753975867116,0.25744367888941283,-0.6729753975867117,-24.827130909874725,-24.47071132753096
64.38356164383562,-68.54928724029052,0.24788103250574084,-0.6854928724029052,-23.170824275672246,-23.334619231137506
64.57925636007828,-68.94297282884278,0.23866050551078385,-0.6894297282884279,-21.523943941990012,-22.263764597626707
64.77495107632095,-69.09479546212567,0.2297859378174318,-0.6909479546212567,-19.96900688847146,-21.18295427450973
64.9706457925636,-69.16179703165962,0.22124875580561906,-0.6916179703165962,-18.519322772271064,-19.985151230994852
65.16634050880626,-69.18238422057729,0.21303794420566174,-0.6918238422057729,-17.172147699913108,-18.61143348313557
65.36203522504893,-69.16755941082076,0.20514221747775538,-0.6916755941082076,-15.921601425815574,-17.072744646409618
65.55772994129158,-69.12165954250804,0.1975505065849938,-0.6912165954250804,-14.761400422372276,-15.444651850429523
65.75342465753425,-69.04717125891855,0.19025207649326156,-0.6904717125891855,-13.685447094449676,-13.840283404247046
65.94911937377691,-68.94595611893331,0.18323655554904322,-0.689459561189333,-12.687961024141886,-12.369465969893081
66.14481409001957,-68.81960587348995,0.17649394082233982,-0.6881960587348995,-11.763503419383737,-11.102243427027148
66.34050880626224,-68.66956237498162,0.1700145956498666,-0.6866956237498162,-10.9069733389732,-10.056080024433381
66.53620352250489,-68.4971648440988,0.16378924412965679,-0.684971648440988,-10.113595400715536,-9.208208946080958
66.73189823874755,-68.30367172481282,0.15780896424967755,-0.6830367172481282,-9.37890469863984,-8.517455398794013
66.92759295499022,-68.09027106911337,0.15206518030995422,-0.6809027106911337,-8.69873079131233,-7.941296370705072
67.12328767123287,-67.85808616839718,0.14654965506999318,-0.6785808616839718,-8.069181616471559,-7.444269194131046
67.31898238747554,-67.60817721064625,0.1412544818110269,-0.6760817721064625,-7.486627619579909,-7.000120831135056
67.5146771037182,-67.34154080978752,0.13617207653294658,-0.6734154080978751,-6.947686345180311,-6.590951505163578
67.71037181996086,-67.05910692674018,0.13129517042825609,-0.6705910692674019,-6.449207565157792,-6.2054244893932875
67.90606653620353,-66.76173412945876,0.1266168028330548,-0.6676173412945876,-5.988259051514453,-5.83697630188574
68.10176125244618,-66.4502026407986,0.12213031479820242,-0.664502026407986,-5.5621130084056585,-5.4823279662805415
68.29745596868885,-66.1252051828888,0.1178293434829155,-0.661252051828888,-5.168233193012723,-5.140333897131771
68.4931506849315,-65.78733577781702,0.11370781764384558,-0.6578733577781702,-4.8042627486942715,-4.811123864430616
68.68884540117416,-65.4370759703928,0.10975995448469623,-0.654370759703928,-4.468012740016638,-4.495482404067825
68.88454011741683,-65.07477799025293,0.10598025822539801,-0.6507477799025293,-4.1574513845283105,-4.194417797221362
69.08023483365949,-64.70064421029397,0.10236352085993411,-0.6470064421029398,-3.8706939752549774,-3.90888131468331
69.27592954990216,-64.31470188399602,0.09890482571179605,-0.6431470188399602,-3.605993485288027,-3.639603162599593
69.47162426614481,-63.916771657876346,0.09559955459978677,-0.6391677165787635,-3.3617318476151237,-3.3870154871408893
69.66731898238747,-63.50642771821138,0.09244339972122842,-0.6350642771821138,-3.1364119095500427,-3.1512364272484827
69.86301369863014,-63.082946343178975,0.08943238178991716,-0.6308294634317897,-2.928650068758798,-2.932093304523095
70.0587084148728,-62.64523812861065,0.08656287660119863,-0.6264523812861065,-2.7371696128217593,-2.729167597606129
70.25440313111547,-62.19175689180341,0.0838316531858214,-0.6219175689180341,-2.560794809103678,-2.541848946404187
70.45009784735812,-61.72037458892665,0.08123592823775722,-0.6172037458892665,-2.398445826791545,-2.369389601535624
70.64579256360078,-61.228205708115524,0.07877344393826131,-0.6122820570811552,-2.249134629538862,-2.210954172108192
70.84148727984345,-60.71135494390329,0.07644258029801805,-0.6071135494390328,-2.1119620695630417,-2.0656621202328593
71.0371819960861,-60.16454554613314,0.0742425199111946,-0.6016454554613314,-1.9861165688212123,-1.9326222525124568
71.23287671232876,-59.58055645569362,0.07217349493827706,-0.5958055645569362,-1.8708750397161305,-1.810959605379358
71.42857142857143,-58.94934283652609,0.07023716795600521,-0.589493428365261,-1.7656071850753758,-1.6998358083205043
71.62426614481409,-58.256612403380565,0.06843724015217925,-0.5825661240338057,-1.6697852472775903,-1.5984644475640206
71.81996086105676,-57.48142303083667,0.06678046570519082,-0.5748142303083668,-1.5830031700895046,-1.5061234153495147
72.01565557729941,-56.5919263789702,0.06527843628780224,-0.565919263789702,-1.5050132552179043,-1.4221672617754584
72.21135029354207,-55.53737199183529,0.0639509371745802,-0.5553737199183529,-1.435798232434698,-1.3460457023270214
72.40704500978474,-54.23197942050522,0.06283281823025322,-0.5423197942050522,-1.3757228326306272,-1.2773451937831526
72.6027397260274,-52.51939608375991,0.061989731678537,-0.5251939608375991,-1.3258898252871307,-1.2159127911138077
72.79843444227006,-50.08540259169925,0.06156002127157229,-0.5008540259169925,-1.2891236039545797,-1.1623178596006116
72.99412915851272,-46.212020306790535,0.061893114464753846,-0.46212020306790536,-1.2734359260357238,-1.1200588071694593
73.18982387475538,-38.96825310389983,0.06417681865071115,-0.38968253103899836,-1.309473658976684,-1.1100909369044054
73.38551859099805,-22.413909292375088,0.07429177667905557,-0.2241390929237509,-1.5720410880177147,-1.2991367656205046
73.5812133072407,11.695723368293505,0.10384143689700442,0.11695723368293505,-2.335699564262234,-2.290943068730146
73.77690802348337,27.18008855389753,0.1380165611183482,0.2718008855389753,-3.5361733733239715,-4.171390510875515
73.97260273972603,21.446402651391477,0.17095025452072393,0.21446402651391477,-5.760258592286103,-6.3190396878337145
74.16829745596868,11.84191852004883,0.2023858889601305,0.1184191852004883,-8.860320428868658,-8.06763063873722
74.36399217221135,1.7245598167769625,0.23185019674455243,0.017245598167769625,-12.715677546617071,-10.620567633242114
74.55968688845401,-7.89966775093534,0.25809859578753,-0.0789966775093534,-17.040043355262604,-16.66005003867736
74.75538160469668,-16.75200306801232,0.27882146213277825,-0.16752003068012322,-21.26258646114697,-21.652171201680634
74.95107632093934,-24.86999249167705,0.29154801456425106,-0.24869992491677048,-24.627969650877823,-24.40260856548151
75.14677103718199,-32.48285779805076,0.2956841784309093,-0.32482857798050757,-26.662888223459248,-26.14520925852476
75.34246575342466,-40.02499968633899,0.2929814598389176,-0.40024999686338986,-27.472495311932164,-26.787035707797177
75.53816046966732,-48.06786335925577,0.2859737750836945,-0.4806786335925577,-27.489515878739567,-26.672667532819606
75.73385518590997,-56.63821164805297,0.27680370998660253,-0.5663821164805297,-27.068143367586583,-26.2313706959121
75.92954990215264,-63.77195752581471,0.26692865995678766,-0.6377195752581472,-26.187838230944553,-25.49962549920086
76.1252446183953,-67.37358190363221,0.25709069250895905,-0.6737358190363222,-24.76914769955323,-24.428936400357845
76.32093933463797,-68.57238788205528,0.24754002139076214,-0.6857238788205529,-23.10994673440766,-23.294666346724792
76.51663405088063,-68.95106662614735,0.2383321292420344,-0.6895106662614735,-21.465674000426553,-22.22538709230184
76.71232876712328,-69.09832010147886,0.22946999463043183,-0.6909832010147886,-19.91450322929761,-21.14203851338099
76.90802348336595,-69.16325426264474,0.2209448648710522,-0.6916325426264475,-18.468626439224067,-19.938480745403165
77.10371819960861,-69.18243154612576,0.21274569515427075,-0.6918243154612576,-17.12507021512242,-18.55814459021286
77.29941291585128,-69.16642050402564,0.20486120322422421,-0.6916642050402564,-15.877915266587559,-17.014554511428152
77.49510763209393,-69.11944463212305,0.197280331029651,-0.6911944463212305,-14.720879423872045,-15.385234001193083
77.69080234833659,-69.0439555099584,0.189992356462541,-0.690439555099584,-13.64787543684622,-13.783946244551888
77.88649706457926,-68.9418008689772,0.1829869212370867,-0.689418008689772,-12.653135139727715,-12.319614008629735
78.08219178082192,-68.81456572694049,0.17625403580166157,-0.6881456572694049,-11.731232170242135,-11.060418229963908
78.27788649706459,-68.66368760394016,0.16978407670530798,-0.6866368760394016,-10.87707765378159,-10.022032133659163
78.47358121330724,-68.49050245697293,0.1635677810251462,-0.6849050245697293,-10.085907756546765,-9.180636849073753
78.6692759295499,-68.29626598559769,0.15759623946149434,-0.6829626598559768,-9.353268548904387,-8.49476252595967
78.86497064579257,-68.08216395283884,0.15186088875359935,-0.6808216395283884,-8.674999990135905,-7.922043836665853
79.06066536203522,-67.84931720641849,0.14635350379901357,-0.6784931720641849,-8.04721982150816,-7.4273418064678065
79.2563600782779,-67.59878374580856,0.1410661897412244,-0.6759878374580857,-7.466307735903974,-6.984731944137727
79.45205479452055,-67.33155778632285,0.13599137415565077,-0.6733155778632285,-6.9288899677931495,-6.576585905595235
79.6477495107632,-67.048566800141,0.13112179954903672,-0.6704856680014101,-6.4318244533822355,-6.191770258115447
79.84344422700588,-66.75066667089543,0.12645051632779894,-0.6675066667089543,-5.972186624997594,-5.8238647801442935
80.03913894324853,-66.43863458914625,0.1219708763875274,-0.6643863458914625,-5.547255864645217,-5.469686192304369
80.23483365949119,-66.11315988499298,0.11767652754855569,-0.6611315988499298,-5.15450265356996,-5.128148655562133
80.43052837573386,-65.7748327687889,0.11356140909211464,-0.6577483276878889,-4.791576431787117,-4.799415309023299
80.62622309197651,-65.4241304173931,0.10961974866207196,-0.654241304173931,-4.456294157034304,-4.484285343534134
80.82191780821918,-65.06140001220326,0.1058460609040953,-0.6506140001220326,-4.1466295616925875,-4.183769083858822
81.01761252446184,-64.68683804507437,0.10223514831292503,-0.6468683804507437,-3.8607031002006416,-3.898812032326841
81.2133072407045,-64.30046484623594,0.09878210490244647,-0.6430046484623594,-3.5967725780160187,-3.6301344738067227
81.40900195694717,-63.90209285572364,0.09548232352139614,-0.6390209285572364,-3.3532244564396936,-3.378157130844585
81.60469667318982,-63.49128643161964,0.09233150793839882,-0.6349128643161964,-3.128565832239717,-3.142986995844825
81.80039138943249,-63.06730987889618,0.0893256912402719,-0.6306730987889618,-2.9214170979901155,-2.92444158656248
81.99608610567515,-62.629058968446884,0.08646126275485222,-0.6262905896844688,-2.730505307896802,-2.7220944447391147
82.1917808219178,-62.17496882060934,0.0837350067025758,-0.6217496882060933,-2.554658296222692,-2.5353292835673584
82.38747553816047,-61.70288732611781,0.0811441573307483,-0.6170288732611781,-2.3927996317961147,-2.363394338365098
82.58317025440313,-61.20989729920071,0.07868647776453887,-0.6120989729920071,-2.2439445496342834,-2.2054518826992
82.7788649706458,-60.69206068898361,0.07636037388550732,-0.6069206068898361,-2.10719709459272,-2.060620436425812
82.97455968688845,-60.14404144223487,0.07416506146030175,-0.6014404144223487,-1.9817488702364543,-1.9280089681600674
83.17025440313111,-59.55853376176249,0.0721008169083475,-0.5955853376176249,-1.8668800585629142,-1.8067435217719856
83.36594911937378,-58.92536774476572,0.07016936441486388,-0.5892536774476572,-1.7619638738578243,-1.6959873694732361
83.56164383561644,-58.23005946247866,0.06837449505096746,-0.5823005946247866,-1.6664765690635053,-1.5949562278609635
83.7573385518591,-57.451360525810514,0.06672310107776906,-0.5745136052581051,-1.580017054013612,-1.5029305449696875
83.95303326810176,-56.556907984522134,0.06522699950076609,-0.5655690798452213,-1.5023444337830167,-1.419267936125735
84.14872798434442,-55.49503295828581,0.06390637107031029,-0.5549503295828582,-1.4334519454072874,-1.3434221206717611
84.34442270058709,-54.1781894933662,0.06279682648994143,-0.541781894933662,-1.3737229728448213,-1.2749859932708256
84.54011741682974,-52.44630785983616,0.06196566695758905,-0.5244630785983616,-1.3242993109837438,-1.2138210666870213
84.7358121330724,-49.9763965597997,0.06155543913512844,-0.499763965597997,-1.2881056393474446,-1.160543816443733
84.93150684931507,-46.02647001055527,0.06192923179137297,-0.4602647001055527,-1.2734993142334503,-1.1188743947817386
85.12720156555773,-38.58828117689753,0.06433824923027415,-0.3858828117689753,-1.3129239335717149,-1.1113027980662105
85.3228962818004,-21.48292943518572,0.07501551128016713,-0.21482929435185721,-1.5923413986345727,-1.3173786506178253
85.51859099804305,12.92801305478207,0.10509205776515845,0.1292801305478207,-2.365078986221742,-2.3447072569771574
85.71428571428571,27.151846791781093,0.13923648543528758,0.2715184679178109,-3.6000569445804507,-4.250915971165964
85.90998043052838,21.130424134584732,0.17211946197607011,0.21130424134584733,-5.858043961348095,-6.390092651053458
86.10567514677103,11.474009776408359,0.20349491951693935,0.11474009776408359,-8.988162072209914,-8.129182504121928
86.3013698630137,1.3633315846791738,0.23287046814073134,0.013633315846791737,-12.867013907572854,-10.776787278802264
86.49706457925636,-8.235063600440446,0.25896447035914255,-0.08235063600440445,-17.1995527595165,-16.896238835391507
86.69275929549902,-17.058797620883873,0.279435001325093,-0.17058797620883873,-21.404176368008518,-21.776866803045834
86.88845401174169,-25.153307916582037,0.29184359898702256,-0.25153307916582035,-24.72619431237584,-24.48373506435027
87.08414872798434,-32.754674089433756,0.29569053342844925,-0.32754674089433755,-26.711565709645065,-26.187260263587827
87.27984344422701,-40.30501704523511,0.2927875273648561,-0.4030501704523511,-27.484146467196236,-26.79292663138174
87.47553816046967,-48.374216188307095,0.2856676447905928,-0.48374216188307095,-27.480693677129636,-26.66070656448989
87.67123287671232,-56.94124178925458,0.2764509224726793,-0.5694124178925458,-27.045508632005077,-26.21095225643332
87.866927592955,-63.96682655707363,0.2665682097589733,-0.6396682655707363,-26.144854129593607,-25.465651961140722
88.06262230919765,-67.44649539435201,0.25673819921023505,-0.6744649539435201,-24.710885141170976,-24.38712590502974
88.25831702544032,-68.59453437386756,0.2471995590716425,-0.6859453437386756,-23.049127037535452,-23.254833902786324
88.45401174168298,-68.95889367131191,0.23800429871234896,-0.6895889367131192,-21.407548443712145,-22.187002353809785
88.64970645792563,-69.10174370532658,0.22915458151869567,-0.6910174370532658,-19.860154298055694,-21.100969110995713
88.8454011741683,-69.16465142051796,0.22064148605755776,-0.6916465142051795,-18.418078849757293,-19.891581489382315
89.04109589041096,-69.1824310475297,0.21245394020878153,-0.691824310475297,-17.07813245889792,-18.504647136077523
89.23679060665361,-69.16523891871631,0.204580665506411,-0.6916523891871631,-15.834359579358985,-16.956262438901604
89.43248532289628,-69.11719018911201,0.19701061500684686,-0.6911719018911201,-14.68048000516908,-15.325869321771282
89.62818003913894,-69.04070257429775,0.18973307955136323,-0.6904070257429775,-13.6104169527032,-13.727809323510996
89.82387475538161,-68.93761056458685,0.18273771422913124,-0.6893761056458685,-12.618414542395179,-12.270051775134057
90.01956947162427,-68.80949241840295,0.1760145428530666,-0.6880949241840295,-11.699058817578166,-11.018899587378247
90.21526418786692,-68.65778139369324,0.169553955173134,-0.6865778139369324,-10.847272951087596,-9.988254721585957
90.41095890410959,-68.48381025830865,0.16334670123447878,-0.6848381025830865,-10.05830463711385,-9.153276974259388
90.60665362035225,-68.28883207957425,0.15738388444103646,-0.6828883207957425,-9.32771090319827,-8.472223903906725
90.80234833659492,-68.07403010388117,0.15165695394623574,-0.6807403010388117,-8.651342071631328,-7.902898152642352
90.99804305283757,-67.84052298197611,0.14615769678308307,-0.678405229819761,-8.025325676492146,-7.410486617084979
91.19373776908023,-67.58936634849634,0.1408782299356881,-0.6758936634849634,-7.4460506260485335,-6.969391825504802
91.3894324853229,-67.32155209588475,0.13581099254723938,-0.6732155209588475,-6.910151826654346,-6.562254334277384
91.58512720156556,-67.0380051870785,0.13094873842398239,-0.670380051870785,-6.414495356838191,-6.178141574898178
91.78082191780823,-66.73957875791143,0.1262845290253227,-0.6673957875791143,-5.956164286873971,-5.810774598338758
91.97651663405088,-66.42704701221889,0.12181172708813623,-0.6642704701221889,-5.532445160363289,-5.45706430350095
92.17221135029354,-66.10109591155715,0.11752399108992928,-0.6610109591155715,-5.140815166107316,-5.115983471421817
92.36790606653621,-65.76231180654561,0.11341527082683388,-0.6576231180654561,-4.7789300225907,-4.787727797068529
92.56360078277886,-65.41116745617371,0.10947980437501802,-0.6541116745617371,-4.44461256387801,-4.473110564939159
92.75929549902153,-65.04800494760204,0.10571211680175478,-0.6504800494760203,-4.135842021858635,-4.173143781653039
92.95499021526419,-64.67301485093553,0.10210702110393453,-0.6467301485093553,-3.850743998575018,-3.888766973995347
93.15068493150685,-64.28621056247162,0.09865962199546434,-0.6428621056247162,-3.587581120053689,-3.6206904142787986
93.34637964774952,-63.88739629159888,0.0953653233742287,-0.6388739629159889,-3.344744365071374,-3.369323389467384
93.54207436399217,-63.47612648613095,0.09221984060122662,-0.6347612648613095,-3.120745068639566,-3.134761781574551
93.73776908023483,-63.05165338149099,0.0892192191678415,-0.6305165338149099,-2.9142076081931,-2.916813368066225
93.9334637964775,-62.61285780375515,0.08635986198174445,-0.6261285780375515,-2.7238627957652577,-2.7150438281041405
94.12915851272015,-62.15815601911791,0.08363856852198664,-0.6215815601911792,-2.5485420250052413,-2.5288310220939363
94.32485322896282,-61.68537162759486,0.08105259068916047,-0.6168537162759486,-2.3871722581860313,-2.357419236776355
94.52054794520548,-61.1915554130386,0.0785997127005363,-0.611915554130386,-2.2387719969081656,-2.1999684660139285
94.71624266144813,-60.672726045999106,0.07627836653028304,-0.606727260459991,-2.102448476112064,-2.0555963320951003
94.9119373776908,-60.12348744395068,0.07408780143842876,-0.6012348744395069,-1.9773964816459781,-1.9234120010092624
95.10763209393346,-59.536447979520496,0.07202833859135423,-0.5953644797952049,-1.8628994703037618,-1.802542551227003
95.30332681017613,-58.901310855647715,0.07010176457665607,-0.5890131085564771,-1.75833418032518,-1.6921529178769377
95.49902152641879,-58.2033974863704,0.06831196162329095,-0.582033974863704,-1.6631808984370116,-1.591460963391628
95.69471624266144,-57.421147562958225,0.06666596242002659,-0.5742114756295823,-1.5770435478697378,-1.4997497056233648
95.89041095890411,-56.52167255125688,0.06517581387055771,-0.5652167255125687,-1.4996881350174942,-1.416379846845605
96.08610567514677,-55.45236343930919,0.0638621014485224,-0.5545236343930919,-1.4311186096492614,-1.3408091641627224
96.28180039138944,-54.12386518210423,0.06276121601424006,-0.5412386518210424,-1.371737444515032,-1.272637144583645
96.4774951076321,-52.37228670908949,0.061942156305344526,-0.5237228670908949,-1.3227265725179111,-1.2117402555700407
96.67318982387475,-49.86555304816628,0.06155183993041764,-0.4986555304816628,-1.2871151203576765,-1.1587845504068242
96.86888454011742,-45.83670707978754,0.061967694823837016,-0.45836707079787536,-1.2736243189308243,-1.1177263328804306
97.06457925636008,-38.19670564470698,0.06450848895049775,-0.3819670564470698,-1.3166221865096217,-1.1127144276371401
97.26027397260275,-20.521846320899932,0.07577413652733621,-0.20521846320899934,-1.6136741252812832,-1.3369164954104722
97.4559686888454,14.119603459805662,0.10634366421781319,0.14119603459805663,-2.3947974978310516,-2.399690181085272
97.65166340508806,27.100966232666355,0.14045466631855805,0.27100966232666357,-3.665333846668626,-4.330757503514588
97.84735812133073,20.81059884143597,0.17328672198235692,0.20810598841435968,-5.95697581212697,-6.460418032817805
98.04305283757338,11.105671843169404,0.20460140711768315,0.11105671843169404,-9.117011189649475,-8.191441149559646
98.23874755381604,1.0028490774537777,0.23388655546030548,0.010028490774537777,-13.018983450653842,-10.93947645420145
98.43444227005871,-8.56940770758646,0.2598229751645297,-0.0856940770758646,-17.35892160285271,-17.129384781281477
98.63013698630137,-17.364611594671764,0.2800376696964999,-0.17364611594671764,-21.54456690910299,-21.898761329903753
98.82583170254404,-25.435949543944837,0.2921276078975412,-0.25435949543944836,-24.822582990396448,-24.563693156489315
99.02152641878669,-33.0264011617549,0.2956879320075253,-0.330264011617549,-26.75861063786852,-26.227772414167365
99.21722113502935,-40.585759437025544,0.29258810055077245,-0.4058575943702554,-27.494786056314833,-26.797844532199633
99.41291585127202,-48.681496175315424,0.28535883192488837,-0.48681496175315425,-27.4713547614579,-26.64838403744535
99.60861056751467,-57.24232290155829,0.2760973471657386,-0.5724232290155828,-27.02227419567442,-26.190160603731513
99.80430528375734,-64.15646355493396,0.2662078882889467,-0.6415646355493396,-26.101099534486476,-25.43117604935285
100.0,-67.51638884201127,0.2563861134468239,-0.6751638884201127,-24.652344291147717,-24.345281311056173
